1000
53 41 100
53 41 100
53 41 100
52 41 100
53 41 100
55 48 100
52 41 100
55 48 100
51 42 100
55 48 100
53 40 100
56 47 100
51 42 100
55 49 100
51 40 100
56 49 100
50 41 100
59 50 100
51 40 100
59 50 100
50 39 100
59 50 100
50 39 100
59 50 100
50 39 100
59 50 100
49 44 100
45 53 100
54 39 100
60 50 100
43 52 100
53 39 100
61 51 100
43 53 100
50 39 100
62 51 100
43 53 100
54 39 100
62 51 100
43 54 100
50 39 100
54 39 100
43 54 100
63 51 100
52 38 100
43 54 100
63 50 100
41 55 100
54 38 100
63 52 100
41 57 100
55 38 100
37 57 100
61 46 100
51 37 100
38 58 100
64 51 100
36 57 100
63 36 100
35 58 100
64 36 100
35 58 100
64 36 100
38 60 100
65 35 100
35 58 100
65 35 100
35 58 100
65 35 100
34 28 100
67 53 100
37 61 100
66 31 100
34 60 100
34 28 100
68 55 100
34 28 100
68 55 100
33 28 100
68 57 100
31 63 100
66 30 100
31 63 100
67 30 100
30 63 100
67 30 100
32 27 100
69 60 100
29 64 100
66 29 100
29 65 100
69 28 100
32 26 100
70 57 100
28 66 100
71 27 100
27 68 100
71 27 100
27 68 100
72 26 100
27 69 100
72 26 100
26 71 100
72 25 100
26 71 100
72 25 100
26 71 100
73 25 100
26 72 100
73 25 100
26 72 100
72 24 100
24 76 100
73 25 100
24 76 100
72 24 100
23 75 100
36 23 100
73 62 100
22 77 100
73 25 100
21 77 100
71 23 100
23 76 100
74 28 100
22 78 100
71 23 100
36 21 100
21 77 100
75 28 100
22 78 100
75 28 100
21 77 100
70 23 100
77 66 100
20 79 100
34 18 100
77 65 100
32 18 100
19 79 100
75 28 100
19 79 100
69 22 100
77 67 100
29 17 100
17 80 100
77 66 100
28 17 100
17 80 100
75 28 100
17 80 100
69 22 100
77 67 100
25 15 100
18 81 100
35 17 100
78 67 100
24 14 100
77 65 100
17 81 100
76 32 100
16 81 100
27 15 100
78 67 100
23 14 100
15 83 100
76 32 100
78 64 100
27 14 100
15 83 100
78 64 100
23 13 100
14 84 100
69 22 100
78 67 100
14 10 100
15 84 100
78 35 100
13 9 100
15 85 100
79 63 100
37 16 100
14 86 100
79 65 100
12 8 100
90 88 100
41 16 100
13 86 100
78 35 100
12 8 100
90 88 100
14 86 100
76 18 100
12 8 100
93 93 100
12 84 100
68 23 100
95 95 100
12 83 100
80 13 100
11 7 100
95 95 100
76 39 100
11 83 100
41 16 100
96 95 100
13 86 100
81 13 100
11 7 100
96 95 100
11 83 100
65 28 100
97 96 100
8 5 100
81 13 100
14 86 100
97 96 100
65 29 100
10 83 100
8 5 100
97 96 100
82 11 100
16 79 100
97 96 100
65 28 100
8 5 100
10 83 100
97 96 100
84 10 100
8 4 100
17 80 100
75 38 100
97 96 100
7 4 100
13 87 100
64 29 100
97 96 100
85 9 100
10 83 100
97 96 100
6 3 100
61 32 100
9 84 100
96 97 100
85 9 100
3 0 100
16 79 100
98 95 100
61 32 100
2 1 100
8 87 100
85 9 100
96 97 100
60 33 100
7 87 100
1 0 100
98 95 100
86 9 100
11 82 100
0 0 100
96 97 66
64 36 66
98 95 66
87 10 66
15 87 66
0 0 66
60 33 66
95 98 66
16 79 66
87 10 66
1 0 66
7 88 66
98 95 66
66 37 66
87 7 66
0 0 66
18 81 66
95 98 35
60 33 66
98 95 45
92 3 66
1 0 41
7 88 66
44 17 66
74 46 66
95 98 33
0 0 40
20 76 66
98 95 40
92 3 66
41 16 66
0 0 39
76 48 66
95 98 31
6 90 59
98 95 39
3 0 41
93 3 66
19 75 66
40 16 66
70 53 66
95 98 29
0 0 36
99 94 38
6 92 56
29 11 66
92 2 66
94 99 27
72 55 66
23 76 62
99 94 36
0 0 36
41 16 66
94 99 26
93 3 66
75 48 66
6 92 53
0 0 35
99 94 35
21 74 59
29 11 66
94 99 25
99 94 35
79 63 57
93 2 40
0 0 34
6 93 51
94 99 24
40 17 66
70 53 58
93 2 35
24 76 57
0 0 33
99 94 32
92 2 33
94 99 23
0 0 33
27 9 54
6 94 49
76 47 63
99 94 32
93 1 31
28 70 56
94 99 23
58 35 60
87 70 42
0 0 32
94 4 33
27 8 50
6 94 45
99 94 32
92 1 27
26 72 52
81 64 44
94 99 22
0 0 32
55 38 55
94 4 32
27 8 48
99 94 31
5 93 39
87 70 41
29 70 52
89 5 29
94 99 22
0 0 32
42 17 63
70 53 48
99 94 30
92 1 25
4 92 36
21 73 44
87 70 41
0 0 31
94 4 30
94 99 22
60 33 41
26 10 45
6 94 36
99 94 31
88 6 26
25 78 46
76 47 27
86 71 40
0 0 31
98 0 31
94 99 22
55 38 49
28 7 38
85 9 28
3 91 27
30 69 44
0 0 31
99 94 30
80 63 40
99 0 32
38 15 38
6 94 32
81 12 27
60 33 39
94 99 22
6 3 35
86 71 39
20 73 35
98 0 31
68 52 47
99 94 30
3 91 24
80 13 26
29 12 43
0 0 30
26 78 42
99 0 31
94 99 21
6 94 30
88 73 37
81 13 27
44 17 29
54 39 48
0 0 30
24 7 40
99 94 30
93 1 24
30 63 39
3 91 23
74 46 28
80 13 25
88 69 30
99 0 31
94 99 21
19 75 31
61 32 36
7 95 30
71 56 42
81 13 26
26 9 40
99 94 29
0 0 29
30 63 38
96 1 26
3 90 21
88 73 36
41 16 30
79 14 24
79 43 21
65 28 31
95 99 23
15 78 24
7 95 30
0 0 29
69 54 44
92 1 21
86 18 33
24 7 38
30 69 36
99 94 29
54 39 45
99 0 29
3 90 20
88 73 32
27 81 37
81 12 23
44 17 25
0 0 29
94 99 21
89 24 24
8 97 27
29 6 29
99 0 28
81 65 32
99 94 28
31 62 34
80 13 24
79 43 21
3 90 20
23 12 37
51 40 22
15 78 22
65 28 30
0 0 29
89 24 23
69 54 42
95 4 27
44 17 24
9 98 26
94 99 21
88 73 30
18 81 30
44 70 42
79 14 23
2 1 28
99 0 26
89 24 23
99 94 28
29 6 28
44 17 23
3 91 20
53 39 24
79 43 21
65 28 30
88 73 29
26 87 20
71 56 37
33 60 24
82 11 22
9 98 24
22 12 37
15 78 22
94 99 21
92 1 18
90 25 20
49 42 19
0 0 26
45 77 30
3 90 18
96 4 26
27 66 30
45 18 24
79 14 21
67 24 25
99 94 27
25 88 19
80 43 20
90 63 12
14 79 21
87 75 31
9 98 25
90 26 18
49 42 19
69 54 34
30 5 23
6 3 32
99 0 24
59 32 32
81 12 21
94 99 20
45 78 26
33 60 23
25 88 17
43 18 26
20 73 23
91 24 19
3 90 18
22 13 35
89 74 25
9 98 23
83 10 20
80 43 20
48 42 17
14 79 20
92 1 16
77 61 26
28 86 16
99 94 26
0 0 23
67 23 23
90 26 17
31 62 25
43 80 25
99 0 23
4 89 17
84 36 16
80 13 19
58 35 31
25 88 17
37 20 20
90 23 22
94 99 20
20 73 23
71 56 26
90 67 10
86 75 21
9 98 22
30 5 20
0 0 23
95 4 22
74 19 22
33 60 21
45 17 20
45 77 24
12 81 19
83 40 17
48 43 17
91 63 9
26 89 13
22 13 34
99 93 26
3 90 16
90 26 17
84 9 17
90 76 17
80 63 22
27 66 28
60 33 31
69 54 23
82 41 18
0 0 21
9 98 23
99 0 20
14 79 19
28 87 14
43 80 25
74 19 22
91 24 18
94 99 20
91 62 9
45 18 23
85 8 16
48 43 16
90 76 16
37 61 24
26 89 12
31 5 18
2 91 15
81 65 20
80 43 20
96 4 23
88 29 15
21 14 33
21 72 24
3 0 23
70 53 24
11 82 18
79 14 17
91 62 9
68 24 23
57 36 27
99 93 25
9 98 21
90 76 13
42 51 17
45 77 24
26 89 12
84 36 16
91 24 17
92 1 11
84 73 16
91 62 9
29 86 15
37 20 20
2 91 14
33 60 20
11 48 12
63 88 10
84 9 16
93 99 19
49 43 17
99 0 18
92 65 8
76 48 26
20 73 23
0 0 18
82 66 19
44 70 21
45 17 21
76 17 17
10 99 19
9 24 11
31 5 18
90 77 20
87 30 16
13 45 15
63 88 10
42 51 16
79 87 15
26 89 11
8 4 34
12 81 17
3 89 13
67 23 15
85 8 15
55 38 24
96 5 23
68 55 19
91 23 19
88 60 13
83 40 17
34 59 18
29 85 16
99 92 21
63 89 9
42 80 25
11 48 12
77 18 19
22 71 26
78 88 12
21 14 33
9 98 19
15 41 15
43 50 15
81 66 19
61 87 12
64 27 20
88 78 24
2 89 11
93 99 16
47 20 22
92 1 10
85 38 15
49 41 14
67 56 17
11 82 16
90 26 16
77 48 26
80 13 15
65 88 11
26 89 11
10 34 10
10 48 11
91 62 9
36 62 23
99 0 19
77 88 11
1 89 10
58 35 27
15 41 15
17 86 26
47 76 19
9 25 11
99 92 19
61 87 12
87 6 11
43 50 13
0 0 16
91 62 10
74 19 16
37 89 11
91 75 8
91 23 20
36 21 18
6 95 22
32 5 16
10 34 10
77 87 12
11 49 12
92 99 13
82 11 14
79 63 20
65 89 9
8 56 8
9 24 11
87 78 21
14 40 15
97 5 22
84 36 17
42 81 25
23 70 24
47 19 19
70 22 14
66 57 15
48 42 13
58 88 11
23 12 30
35 58 15
43 50 12
8 56 8
0 0 15
76 47 29
67 89 9
99 92 15
92 65 8
77 88 11
88 21 27
64 27 17
9 48 8
10 99 15
21 92 13
92 99 9
10 34 10
9 25 11
16 42 16
92 69 8
56 37 23
46 57 27
62 86 13
1 89 9
91 61 10
9 57 10
26 89 11
33 85 17
91 75 9
12 81 16
84 69 17
92 1 10
7 3 26
12 50 14
28 65 12
79 88 11
93 99 11
2 91 9
67 90 8
81 12 14
48 87 16
99 0 19
46 19 18
99 93 14
7 96 21
35 24 14
11 25 15
89 60 13
83 81 21
20 73 14
57 89 10
32 4 9
91 32 9
8 56 9
76 17 16
66 25 14
17 86 25
66 88 11
27 66 11
37 90 9
14 40 15
82 45 21
93 67 7
85 8 17
37 61 19
92 99 8
77 62 19
21 14 26
42 80 26
9 48 9
59 31 24
68 52 24
9 34 9
13 53 15
87 29 21
49 44 17
62 86 14
98 95 10
42 15 17
93 65 7
91 76 9
77 88 10
7 26 8
0 0 15
98 5 21
35 25 12
68 90 8
91 99 7
74 19 14
41 52 12
32 4 11
8 58 9
86 71 17
99 91 13
91 57 8
17 43 15
22 71 11
8 34 8
1 89 9
11 99 13
27 66 10
21 92 17
92 99 7
8 23 10
48 57 28
74 87 12
57 89 11
47 19 11
92 61 9
9 4 32
91 23 27
14 79 20
7 59 7
97 97 8
37 90 10
5 94 17
90 80 19
10 34 12
8 46 9
13 53 15
48 87 21
67 90 9
33 24 12
79 11 11
67 26 16
79 42 35
94 67 7
91 99 6
93 0 12
79 88 12
28 65 11
27 90 10
99 91 8
32 84 34
96 98 7
42 15 19
93 64 10
16 42 16
68 90 9
7 59 8
32 5 25
63 85 15
91 99 6
86 7 20
1 89 8
53 37 19
99 0 15
6 26 7
35 26 12
12 30 15
89 59 15
97 97 7
82 80 21
99 90 10
9 57 13
93 69 9
11 99 10
48 21 15
34 59 16
64 59 15
43 50 11
91 99 7
5 94 8
75 18 16
8 46 11
23 70 26
8 34 11
1 89 9
96 98 7
77 62 17
18 44 15
99 94 6
12 23 23
67 91 9
91 72 22
66 25 14
59 32 18
12 53 16
74 87 14
58 90 16
0 0 16
32 26 9
91 99 7
48 57 28
11 99 10
5 94 8
99 91 10
25 11 29
20 93 11
99 0 16
11 82 17
96 98 8
83 10 19
1 89 9
90 56 13
84 88 23
91 23 26
47 19 18
7 59 10
63 85 18
68 52 18
8 97 8
36 26 14
82 45 21
2 91 9
78 63 27
16 41 18
97 97 8
43 80 36
2 1 35
19 93 17
56 36 20
92 99 7
66 24 14
7 56 16
0 88 10
10 99 9
99 90 8
5 94 8
7 33 20
74 19 21
98 5 14
97 97 9
94 68 26
10 83 24
68 92 23
91 99 7
48 21 31
87 6 24
78 37 37
99 90 9
22 71 34
43 50 26
33 5 35
9 48 24
94 99 9
99 94 9
63 60 19
84 86 35
12 26 27
11 99 10
5 94 8
99 0 16
0 88 10
37 90 21
73 5 6
93 59 14
9 98 8
